0 24 32
1 31 45
2 45 64
3 64 86
4 77 107
5 97 91
6 109 80
7 134 83
8 171 85
9 204 82
10 223 68
11 263 66
12 304 89
13 341 99
14 393 117
15 436 135
16 474 158
17 495 204
18 481 268
19 467 284
20 437 370
21 416 411
22 361 474
23 336 501
24 309 471
25 266 490
26 203 444
27 160 404
28 138 362
29 132 378
30 114 347
31 84 295
32 69 259
33 68 232
34 67 185
35 68 155
36 71 136
37 79 121
38 85 127
39 100 101
40 96 124
41 111 106
42 124 105
43 144 84
44 168 91
45 191 89
46 217 114
47 246 137
48 298 138
49 303 156
50 324 189
51 344 216
52 366 234
53 347 276
54 375 306
55 396 331
56 422 361
57 407 372
58 394 388
59 333 440
60 249 449
61 206 519
62 178 550
63 156 508
64 130 483
65 112 477
66 83 427
67 60 465
68 59 426
69 47 355
70 49 286
71 54 190
72 57 148
73 57 132
74 65 111
75 84 96
76 112 94
77 135 75
78 174 67
79 222 75
80 256 100
81 290 91
82 302 107
83 326 138
84 393 179
85 405 209
86 445 232
87 521 263
88 574 294
89 616 376
90 577 428
91 492 452
92 404 487
93 325 518
94 288 524
95 227 517
96 214 542
97 206 516
98 177 453
99 156 369
100 126 307
101 98 212
102 99 189
103 99 146
104 106 135
105 118 132
106 129 158
107 129 147
108 131 140
109 123 136
110 131 119
111 145 126
112 168 133
113 185 146
114 222 154
115 249 153
116 259 164
117 305 201
118 310 232
119 333 257
120 297 292
121 314 295
122 321 361
123 323 438
124 314 513
125 284 559
126 271 600
127 256 614
128 203 577
129 143 485
130 135 426
131 125 355
132 125 270
133 94 247
134 70 195
135 48 157
136 50 152
137 42 166
138 45 130
139 47 99
140 56 105
141 65 100
142 79 60
143 91 46
144 109 54
145 138 51
146 184 52
147 211 58
148 243 68
149 300 82
150 348 107
151 392 134
152 437 142
153 486 162
154 519 203
155 558 246
156 556 303
157 538 389
158 492 466
159 459 543
160 428 592
161 395 655
162 287 704
163 219 708
164 151 673
165 93 601
166 69 515
167 49 477
168 50 420
169 45 343
170 41 214
171 44 170
172 55 100
173 66 78
174 77 69
175 88 78
176 107 59
177 131 51
178 167 37
179 223 22
180 233 26
181 277 42
182 319 37
183 366 54
184 425 67
185 464 77
186 507 92
187 581 110
188 617 129
189 631 152
190 653 185
191 639 208
192 559 267
193 522 349
194 477 432
195 428 519
196 357 602
197 336 600
198 257 615
199 214 585
200 161 550
201 129 395
202 114 286
203 104 226
204 114 175
205 119 140
206 135 116
207 115 79
208 133 59
209 141 47
210 163 51
211 178 60
212 200 53
213 212 47
214 243 54
215 282 57
216 306 67
217 318 94
218 332 84
219 361 119
220 350 124
221 382 138
222 390 157
223 384 170
224 418 205
225 401 251
226 398 303
227 360 317
228 299 344
229 213 354
230 169 373
231 146 332
232 116 330
233 99 231
234 93 165
235 88 134
236 85 123
237 83 114
238 92 87
239 116 83
240 153 72
241 168 56
242 187 47
243 223 52
244 255 71
245 276 93
246 299 102
247 330 113
248 354 129
249 379 154
250 414 163
251 447 208
252 432 247
253 387 288
254 335 306
255 288 335
256 259 333
257 225 382
258 219 432
259 167 413
260 148 394
261 116 349
262 106 354
263 89 323
264 73 266
265 79 197
266 72 153
267 82 126
268 92 106
269 110 107
270 115 79
271 139 73
272 158 76
273 176 87
274 213 108
275 248 115
276 277 139
277 321 150
278 347 187
279 399 201
280 399 221
281 426 252
282 429 314
283 400 353
284 376 394
285 333 419
286 280 434
287 238 457
288 200 448
289 173 465
290 139 416
291 127 366
292 93 296
293 92 250
294 83 223
295 77 189
296 83 162
297 87 137
298 95 134
299 95 115
300 108 113
301 106 108
302 107 85
303 125 83
304 147 77
305 199 78
306 249 88
307 281 91
308 335 106
309 359 112
310 375 120
311 392 145
312 394 175
313 371 208
314 345 211
315 302 216
316 285 237
317 266 318
318 262 336
319 253 329
320 246 342
321 224 358
322 210 339
323 212 320
324 176 343
325 185 386
326 180 399
327 162 387
328 137 363
329 128 367
330 125 369
331 111 326
332 122 261
333 111 210
334 121 218
335 124 219
336 139 231
337 161 208
338 192 195
339 194 184
340 208 192
341 230 171
342 259 172
343 243 198
344 255 233
345 247 222
346 237 259
347 238 319
348 243 318
349 261 356
350 241 385
351 247 433
352 244 406
353 210 379
354 186 354
355 155 293
356 148 276
357 140 284
358 137 302
359 139 297
360 138 359
361 140 345
362 134 329
363 122 327
364 108 300
365 106 280
366 108 254
367 123 233
368 128 194
369 145 177
370 152 188
371 162 179
372 160 160
373 180 156
374 192 163
375 194 176
376 212 184
377 221 208
378 234 276
379 249 293
380 261 353
381 246 353
382 238 383
383 235 419
384 248 353
385 215 354
386 213 360
387 198 313
388 179 292
389 171 274
390 169 265
391 149 278
392 144 306
393 141 308
394 134 276
395 127 257
396 122 239
397 116 222
398 112 203
399 120 230
400 120 245
401 127 247
402 151 247
403 184 261
404 190 253
405 171 253
406 174 288
407 190 345
408 196 346
409 198 342
410 199 360
411 199 401
412 219 419
413 214 401
414 208 410
415 209 462
416 196 436
417 214 420
418 201 428
419 179 399
420 183 400
421 162 369
422 141 359
423 134 357
424 130 338
425 123 360
426 132 326
427 133 301
428 141 363
429 148 340
430 145 354
431 145 377
432 161 334
433 167 380
434 173 437
435 177 441
436 183 425
437 189 429
438 200 434
439 185 452
440 195 470
441 161 494
442 163 439
443 173 420
444 176 390
445 171 360
446 187 337
447 185 288
448 205 271
449 188 300
450 182 288
451 172 278
452 152 273
453 120 306
454 122 299
455 106 296
456 119 289
457 133 316
458 153 269
459 152 259
460 168 220
461 177 206
462 189 242
463 196 234
464 232 244
465 218 258
466 232 294
467 215 297
468 199 317
469 171 361
470 191 377
471 186 399
472 180 382
473 183 363
474 168 370
475 167 407
476 155 433
477 129 440
478 121 406
479 126 399
480 125 391
481 104 376
482 107 399
483 106 362
484 106 322
485 118 318
486 122 299
487 137 315
488 131 327
489 125 319
490 148 335
491 158 342
492 162 388
493 160 434
494 175 435
495 205 434
496 204 386
497 205 366
498 195 339
499 194 341
500 180 375
